best_gamma: 0.9057502776046518
performance: 3.7097296474619434
