best_gamma: 0.9941207163345817
performance: 0.05989
