best_gamma: 0.9154458454038013
performance: 0.044486507936507935
