best_gamma: 0.9857514384317185
performance: 13.292482981028803
