best_gamma: 0.9370794717658889
performance: 13.344537815126051
