best_gamma: 0.9941207163345817
performance: 13.274341745796113
