best_gamma: 0.9592671899355066
performance: 13.342269861375348
