best_gamma: 0.9941207163345817
performance: 13.343673267214214
