best_gamma: 0.9370794717658889
performance: -0.8954000000000001
