best_gamma: 0.9724674002393291
performance: -0.8780000000000001
