best_gamma: 0.9370794717658889
performance: -0.8926999999999999
