best_gamma: 0.9857514384317185
performance: 3.9825590876739363
