best_gamma: 0.9057502776046518
performance: 3.749295639430769
