best_gamma: 0.9154458454038013
performance: 3.9694708692513023
