best_gamma: 0.9370794717658889
performance: 3.6766539116486534
