best_gamma: 0.9154458454038013
performance: 3.6442856039000566
