best_gamma: 0.9154458454038013
performance: 13.315204434519263
