best_gamma: 0.9941207163345817
performance: 13.293115505123552
