best_gamma: 0.9370794717658889
performance: -0.87935
