best_gamma: 0.9724674002393291
performance: -0.8796295238095239
