best_gamma: 0.9154458454038013
performance: -0.029920000000000002
