best_gamma: 0.9057502776046518
performance: -0.033139999999999996
