best_gamma: 0.9857514384317185
performance: -0.02608
