best_gamma: 0.9592671899355066
performance: -0.025580000000000002
