best_gamma: 0.9724674002393291
performance: 3.4138776224397267
