best_gamma: 0.9941207163345817
performance: 3.579411947621035
