best_gamma: 0.9857514384317185
performance: 3.5152907488716485
